const jrwAnalysis = require('johnsons-relative-weights');

const jrwResults = jrwAnalysis(
    [
        [
          1,
          0.22270673799832086,
          0.28332978701479417,
          0.2954493534922263,
          0.00852075946684405,
          0.0008991909241243764,
          0.005772522020422272
        ],
        [
          0.22270673799832086,
          1,
          0.3653361664693261,
          0.27449684333887936,
          3.599404940501033e-9,
          0.0005886824766767461,
          0.00038658803581953375
        ],
        [
          0.28332978701479417,
          0.3653361664693261,
          1,
          0.3759867176506275,
          0.0022842424668896304,
          7.019801535779138e-7,
          0.0007515880169597645
        ],
        [
          0.2954493534922263,
          0.27449684333887936,
          0.3759867176506275,
          1,
          0.005759226079443243,
          0.003508183729799467,
          0.00819593460639201
        ],
        [
          0.00852075946684405,
          3.599404940501033e-9,
          0.0022842424668896304,
          0.005759226079443243,
          1,
          0.0009605998181442366,
          0.3416888358721363
        ],
        [
          0.0008991909241243764,
          0.0005886824766767461,
          7.019801535779138e-7,
          0.003508183729799467,
          0.0009605998181442366,
          1,
          0.6873918722190915
        ],
        [
          0.005772522020422272,
          0.00038658803581953375,
          0.0007515880169597645,
          0.00819593460639201,
          0.3416888358721363,
          0.6873918722190915,
          1
        ]
      ],  
    1
);

console.log(jrwResults)
